week1/GMRTv4_0_20220813topo.asc
ncols 386
nrows 273
xllcorner 88.029052734375
yllcorner 47.73026692687565
cellsize 5.4931640625E-4
nodata_value -2147483648
[rows 62 to 92 of 273, columns 140 to 209 of 386]
942.95 949.89 955.89 960.96 966.98 972.96 979.93 985.89 995.87 1007.81 1021.76 1034.72 1046.65 1058.69 1064.76 1065.82 1057.91 1044.96 1025.98 1008.87 989.73 970.66 952.79 940.02 933.18 930.20 926.20 922.15 917.18 916.24 919.38 926.48 933.61 939.71 946.69 951.49 950.35 943.24 931.16 919.18 902.11 879.06 858.12 847.07 842.00 837.00 836.03 840.07 847.13 852.13 856.07 859.06 858.06 856.09 858.13 860.16 862.20 864.13 865.07 866.05 869.00 871.00 873.02 874.00 874.95 874.93 876.91 878.95 881.00 885.00
945.79 954.44 960.82 965.12 969.95 976.27 984.34 994.30 1004.74 1018.44 1033.79 1048.99 1062.80 1071.70 1074.96 1072.00 1061.49 1047.37 1028.26 1012.69 996.14 977.14 957.27 939.83 929.63 925.24 920.86 916.48 912.23 908.77 907.38 909.30 911.05 913.99 922.60 933.54 936.99 935.50 927.52 914.19 895.73 873.80 854.73 845.44 841.94 837.70 836.64 838.77 843.31 847.50 853.37 855.84 855.16 853.49 853.55 855.61 856.54 859.99 863.55 866.00 868.57 870.62 871.55 873.62 875.06 876.50 878.50 879.49 880.94 884.94
942.27 951.23 959.19 965.10 971.94 980.75 994.55 1007.48 1018.51 1031.59 1047.69 1061.75 1072.86 1080.02 1080.10 1074.18 1062.21 1049.12 1031.99 1012.07 992.14 973.08 956.92 942.74 932.74 925.88 919.94 914.06 907.13 901.27 896.34 896.40 899.37 902.33 909.50 917.67 923.66 924.60 918.48 907.45 890.25 868.16 850.08 845.93 842.88 841.78 841.74 841.74 843.90 845.99 848.16 849.27 851.17 852.06 851.03 852.13 853.13 858.09 862.06 866.03 868.00 869.04 870.04 872.04 874.04 877.00 879.03 879.04 881.91 885.93
936.60 945.60 953.96 962.15 972.82 987.32 1003.11 1016.16 1025.68 1034.30 1046.99 1060.13 1069.35 1072.83 1070.64 1064.89 1053.04 1042.89 1028.74 1010.52 991.18 975.44 961.94 950.48 940.89 931.34 922.75 913.18 905.83 897.74 892.38 890.50 890.29 892.22 895.71 901.21 906.14 909.08 906.59 896.31 882.82 864.79 851.12 847.89 847.43 847.56 848.01 848.27 846.65 846.51 845.91 845.33 847.64 850.27 850.75 849.15 850.45 856.32 860.93 864.98 868.10 869.05 870.00 872.05 874.05 876.70 877.63 878.24 883.84 887.43
933.17 942.13 952.12 959.17 969.30 985.45 999.57 1011.62 1020.58 1026.55 1036.59 1045.91 1052.11 1053.29 1052.20 1049.97 1043.57 1036.33 1025.13 1010.00 994.74 982.57 970.53 959.53 950.57 940.53 927.62 916.70 907.79 898.91 891.96 888.99 884.17 881.36 882.53 886.68 891.72 894.85 894.71 887.54 876.41 860.25 850.09 849.04 849.08 848.17 848.26 847.29 845.28 845.25 845.16 845.98 846.03 846.19 847.22 846.06 849.96 856.02 861.00 864.05 866.14 868.09 870.04 871.09 873.12 874.21 875.17 876.08 881.10 888.88
929.67 940.12 948.62 954.85 962.42 972.27 983.75 996.08 1006.82 1016.11 1025.83 1030.90 1033.01 1031.82 1032.13 1033.27 1032.51 1030.95 1023.93 1011.10 999.75 989.12 976.69 965.74 955.72 946.55 934.65 922.43 912.31 901.12 893.69 889.33 883.16 879.14 877.28 877.40 879.66 879.85 880.20 875.63 866.65 856.02 848.88 847.45 846.04 844.02 842.23 839.78 838.11 839.52 841.79 844.50 844.83 845.21 845.48 847.74 851.64 857.74 860.52 863.57 864.98 866.59 868.26 868.93 869.47 869.45 871.19 874.02 880.48 891.00
920.70 931.83 940.72 945.63 950.67 956.67 967.67 981.57 995.40 1006.50 1013.75 1016.94 1016.02 1015.87 1019.59 1025.27 1030.02 1030.03 1024.04 1014.03 1002.06 990.01 977.90 966.09 955.24 942.48 933.43 924.14 914.95 904.75 897.64 890.73 886.63 881.70 877.84 875.05 869.41 866.57 864.67 862.50 859.21 854.95 849.85 848.73 845.76 842.86 838.92 835.92 835.81 838.75 841.83 844.84 846.82 847.79 849.72 850.71 856.57 860.79 861.78 863.93 864.11 865.15 865.21 864.23 864.31 863.38 863.48 867.57 874.58 885.54
911.55 918.75 928.70 936.56 944.60 953.23 965.21 980.02 994.61 1002.12 1004.51 1004.29 1004.27 1007.31 1014.53 1023.48 1028.08 1028.30 1023.02 1011.90 1001.06 989.82 978.27 962.38 948.52 934.45 925.71 919.53 914.42 908.31 902.70 897.44 893.08 887.99 881.80 875.94 868.87 864.12 861.05 860.17 858.29 856.48 852.55 852.93 851.27 847.51 843.47 840.83 842.30 845.30 847.63 847.82 848.43 850.46 852.46 856.63 862.32 863.86 864.55 864.05 863.02 862.54 862.50 862.48 860.64 859.33 858.26 859.80 866.22 878.03
905.26 908.64 913.24 922.45 936.18 952.70 968.41 980.71 989.21 992.35 991.36 991.17 992.81 1001.55 1010.61 1016.78 1021.59 1025.30 1021.36 1011.32 998.54 985.66 970.77 952.79 937.78 923.59 917.52 913.40 910.38 906.31 902.28 899.21 896.18 892.96 887.83 880.77 873.77 866.74 863.79 861.92 859.05 856.23 852.19 854.11 854.90 852.78 849.69 847.70 848.74 851.79 851.86 849.93 849.01 851.97 853.92 860.91 865.03 865.11 864.14 863.18 861.17 861.08 861.95 863.68 863.56 860.59 859.59 859.66 862.09 871.44
905.38 903.29 901.78 905.61 917.67 935.94 955.24 963.94 969.37 973.25 975.45 980.95 987.87 995.51 1003.14 1008.93 1015.16 1020.32 1015.75 1004.05 989.68 975.90 962.60 946.26 931.97 922.26 913.78 910.52 906.45 902.15 896.79 893.21 891.03 889.10 885.80 880.84 874.08 869.19 864.78 861.75 856.97 851.82 849.18 851.31 853.01 852.42 849.67 848.04 849.41 851.75 851.37 849.37 848.75 850.68 853.37 859.01 861.98 861.98 862.05 860.60 860.67 861.25 863.99 868.10 869.50 868.24 867.16 866.83 864.24 867.74
913.38 904.68 897.95 897.28 904.71 918.10 935.24 945.99 952.73 961.45 972.90 983.48 992.29 998.38 1004.63 1007.08 1009.31 1012.62 1013.50 999.47 983.51 971.37 960.29 947.16 933.22 923.17 914.00 910.10 906.10 900.14 893.23 886.46 881.71 879.76 878.68 876.55 872.31 868.15 863.04 859.09 854.02 849.07 848.09 847.39 849.28 849.18 848.99 847.05 847.98 849.25 849.14 847.14 846.19 848.30 851.14 855.23 857.38 857.38 857.38 858.25 859.99 863.81 867.77 872.67 874.63 874.59 875.34 874.38 870.42 868.74
917.57 907.77 900.42 899.00 903.05 913.83 931.32 943.43 951.55 960.27 974.54 989.46 1000.61 1006.30 1008.46 1006.85 1007.50 1007.19 1001.66 989.81 975.15 964.54 953.61 939.50 926.85 918.15 913.23 907.58 903.35 898.11 891.46 883.35 877.28 873.81 872.85 872.24 869.54 867.51 865.31 861.77 855.69 848.96 845.50 844.77 847.04 849.54 849.58 848.42 848.12 847.73 847.38 845.69 845.77 845.58 849.42 853.46 854.35 854.31 854.31 856.42 859.81 864.00 869.69 874.62 877.65 878.72 880.61 878.84 876.15 873.00
917.30 909.08 901.89 901.15 907.04 919.80 935.01 946.13 953.20 960.36 972.06 986.61 997.78 1002.72 1003.46 1002.87 1001.86 997.00 987.19 975.19 962.14 952.32 939.56 926.33 914.99 908.59 907.50 906.28 899.51 893.61 886.74 879.56 873.45 871.20 869.20 869.22 868.99 870.02 868.22 863.08 857.08 849.82 845.70 846.53 850.48 852.73 852.02 848.42 845.70 844.69 844.39 843.23 843.23 844.17 845.45 848.74 850.51 851.39 851.33 852.45 856.46 864.17 871.02 877.73 881.49 882.49 880.78 879.91 879.74 878.44
912.45 906.96 901.39 897.89 903.35 915.63 927.48 938.84 947.74 953.91 957.57 964.70 970.87 977.95 985.53 993.41 995.38 991.78 981.42 968.59 954.09 940.62 928.08 917.98 912.64 910.15 906.46 902.24 895.06 886.59 879.84 873.88 870.32 868.60 868.79 869.07 869.07 867.60 863.96 861.17 855.64 851.25 850.26 852.44 854.90 853.93 848.63 841.31 837.95 836.91 839.67 842.79 842.71 842.64 842.57 842.34 846.24 847.46 848.53 849.49 853.49 860.78 870.71 879.07 885.51 886.76 885.80 882.65 881.00 881.33
906.47 899.88 893.11 890.88 894.11 900.69 906.18 916.66 928.81 936.56 939.07 944.54 951.47 965.10 978.33 989.53 994.37 990.52 981.29 965.39 945.91 930.98 922.53 917.03 916.83 914.78 908.95 900.23 889.63 881.42 876.36 871.03 868.17 867.19 866.39 867.40 867.40 866.25 861.22 856.43 854.99 854.60 855.89 855.49 853.81 849.78 839.94 835.47 837.96 837.70 836.02 840.26 841.99 841.99 841.99 841.92 844.05 847.79 848.72 850.65 854.65 860.88 869.86 878.94 886.01 888.83 888.69 885.57 882.42 884.29
904.48 894.94 888.75 885.51 885.71 890.20 895.79 902.60 909.23 919.18 928.40 938.17 950.82 961.85 972.70 981.82 987.89 983.60 973.85 958.05 938.22 925.01 918.32 915.73 915.73 914.57 907.17 897.06 886.29 879.37 874.12 872.04 867.42 865.63 863.59 864.36 864.65 863.39 858.65 854.93 855.06 854.34 850.49 846.07 846.17 844.64 835.95 832.79 835.53 837.94 837.50 840.20 841.97 842.00 841.97 843.04 845.07 849.07 851.15 852.60 856.86 863.94 872.67 880.30 886.20 890.50 891.19 890.74 890.31 892.05
910.81 904.09 897.01 890.53 885.37 886.07 891.55 897.78 902.55 909.91 919.28 929.67 938.00 947.66 958.66 968.74 974.74 970.57 959.90 946.60 929.88 920.55 915.48 913.56 913.62 910.76 904.37 895.08 885.87 878.81 875.02 872.84 869.88 865.76 862.98 862.19 862.43 860.41 856.36 855.06 853.51 848.58 844.26 845.18 849.22 846.68 839.41 834.55 836.54 839.55 841.49 842.70 842.84 841.94 842.84 843.91 845.06 849.06 850.94 853.97 859.05 866.12 874.10 881.92 888.64 894.37 899.75 903.89 907.25 908.11
920.65 915.93 909.98 901.69 890.95 886.00 888.43 893.15 898.15 903.84 912.39 918.93 926.09 938.45 949.63 959.01 964.77 960.77 950.04 936.80 925.60 917.67 911.33 907.78 906.28 903.31 898.60 892.19 884.42 878.97 875.21 872.73 869.76 867.10 863.00 860.96 859.64 857.67 855.20 853.75 849.60 847.85 846.92 850.59 851.96 847.03 842.44 837.17 839.23 841.96 843.10 843.00 843.00 843.10 842.82 842.72 844.14 848.35 852.47 855.41 859.36 865.11 872.63 880.90 890.25 899.06 908.70 918.71 926.35 929.95
925.61 922.45 917.27 907.43 894.63 886.00 885.45 888.75 893.82 898.73 904.93 910.91 919.00 932.84 946.30 958.03 962.87 958.94 948.21 934.19 923.47 915.41 909.14 904.03 899.21 895.32 892.17 888.03 883.51 879.62 876.71 872.67 868.91 866.25 863.14 860.31 858.29 855.47 855.33 851.47 847.54 844.72 847.82 849.78 849.68 846.45 841.58 836.31 836.67 839.54 842.38 843.14 843.14 842.38 840.41 841.09 845.71 851.55 856.30 860.81 863.92 867.32 873.35 881.62 892.39 905.03 917.71 929.70 940.45 946.31
928.86 925.86 920.69 910.72 896.43 885.97 882.23 882.73 886.27 892.42 897.35 903.35 910.25 924.06 941.49 955.88 963.29 958.36 946.46 932.60 920.88 913.93 909.38 905.81 903.31 901.01 898.20 894.25 889.65 884.44 879.72 875.28 870.05 864.95 860.42 857.45 855.45 852.45 852.42 849.05 843.98 840.38 839.73 841.70 842.99 841.04 837.33 833.88 833.47 835.21 838.02 840.14 840.12 838.21 838.95 842.26 848.33 854.39 860.02 867.41 872.46 874.58 879.08 886.03 898.16 911.79 924.82 937.89 947.79 953.72
936.54 933.61 926.13 915.40 900.24 886.52 879.06 875.83 876.39 880.13 885.13 891.13 898.86 911.04 929.34 943.70 950.20 948.62 939.03 928.24 920.48 914.00 912.51 912.81 914.19 915.06 914.02 908.56 900.03 891.68 884.54 878.49 870.73 864.13 858.95 855.15 853.15 850.15 850.95 850.89 845.82 838.08 836.04 838.84 840.86 839.66 836.75 833.27 830.42 830.60 831.78 832.25 833.12 833.60 838.20 843.82 849.82 854.15 857.97 865.19 877.71 881.54 884.49 890.69 901.16 913.19 925.46 938.53 949.19 957.38
943.93 939.28 928.94 916.87 904.75 892.17 880.57 872.82 869.26 869.97 874.58 880.60 889.65 901.87 915.24 926.37 930.97 929.82 923.99 917.96 914.71 913.72 915.21 918.32 921.22 922.09 918.39 910.08 898.67 888.97 883.22 877.76 872.07 865.07 859.00 855.00 853.00 849.80 850.63 849.58 845.83 839.22 837.39 840.26 842.11 840.90 837.04 831.56 828.76 828.93 829.93 828.99 829.07 831.86 838.00 844.00 849.80 855.29 861.62 868.64 877.68 881.65 884.76 891.13 899.86 910.45 921.01 932.96 946.47 959.59
946.22 939.14 927.97 915.90 908.49 899.10 885.90 874.48 868.02 866.44 869.38 874.61 884.53 896.92 907.38 913.87 914.41 910.76 906.31 904.12 904.83 908.49 913.03 916.73 917.93 915.57 908.64 898.69 889.00 881.76 877.56 876.27 872.07 865.00 858.93 855.00 853.07 848.97 848.17 846.32 844.12 841.44 841.31 841.03 840.59 839.41 835.66 829.17 827.12 828.93 829.93 832.22 834.80 834.12 837.93 843.93 848.90 855.18 862.27 868.50 873.69 878.32 885.31 894.07 901.97 909.44 917.68 928.90 944.59 963.91
943.42 936.54 928.00 917.38 911.48 902.33 891.31 876.09 866.78 864.62 867.47 872.49 880.22 889.77 898.53 902.55 903.74 901.11 897.42 896.12 896.07 900.11 905.99 911.21 912.54 909.85 904.22 896.49 887.69 881.45 877.35 874.95 871.13 865.15 860.22 855.12 852.09 849.00 848.04 846.95 845.12 843.98 842.74 840.71 837.40 835.31 831.62 828.81 828.03 830.09 830.91 835.00 837.98 838.22 839.22 845.36 850.84 856.82 862.75 868.39 872.34 879.49 889.65 899.91 908.97 915.06 921.94 933.36 952.10 974.56
938.18 934.33 928.07 920.72 913.28 902.49 889.64 875.32 865.22 861.50 862.87 867.33 872.86 879.37 887.41 893.05 897.20 897.55 896.97 894.67 893.91 896.40 902.05 908.84 912.80 913.29 910.72 905.18 896.53 887.18 879.21 874.39 871.49 866.93 861.78 858.37 853.86 849.00 846.56 843.85 842.88 842.36 840.33 836.89 832.79 831.47 830.97 828.65 829.44 829.32 829.36 832.53 836.22 837.10 840.57 848.96 858.63 865.24 871.02 875.72 878.96 885.35 894.82 905.16 914.16 921.88 930.78 948.20 973.95 998.76
931.99 931.28 926.32 918.23 908.98 898.24 886.55 874.04 865.09 860.06 858.48 859.19 862.70 867.49 874.43 882.70 890.10 894.75 896.90 894.91 893.64 895.52 902.58 909.58 911.56 913.62 914.04 909.92 899.87 886.83 876.61 871.31 867.26 864.34 861.30 857.39 852.52 848.73 844.77 841.02 839.58 839.60 837.55 832.94 829.99 830.07 831.15 830.23 830.81 827.52 826.77 830.51 835.86 839.39 844.88 856.16 865.10 874.24 883.55 888.84 891.98 895.56 900.94 909.45 918.30 927.79 943.71 969.58 998.76 1023.64
920.44 919.67 916.14 908.65 899.78 892.82 885.67 877.08 868.74 862.20 857.44 855.44 854.95 858.33 865.33 875.02 885.55 892.58 893.92 891.34 886.95 886.60 893.83 900.60 905.61 907.39 910.11 906.47 895.74 883.85 872.81 865.82 861.16 857.43 854.20 851.16 847.85 845.62 844.99 842.18 837.20 836.40 836.59 834.69 832.42 831.69 832.11 830.38 826.89 822.78 823.92 826.51 834.24 843.11 852.45 864.56 873.71 881.90 893.40 901.12 905.89 907.02 908.53 913.04 920.86 934.50 954.51 981.44 1008.61 1031.41
901.63 901.70 898.79 895.35 891.95 889.37 885.87 880.37 873.55 867.62 861.29 855.13 852.78 853.66 860.55 871.51 882.65 890.85 890.64 885.38 878.00 874.74 878.43 888.62 898.19 903.87 908.18 906.23 895.37 882.19 870.94 862.76 856.57 852.57 848.62 846.67 844.73 842.87 840.74 839.73 837.12 837.33 838.19 836.33 834.33 833.05 830.93 828.78 823.84 820.87 820.95 825.15 834.24 846.12 859.21 870.03 877.13 886.32 898.32 907.40 912.39 914.44 914.63 917.81 927.66 940.58 958.07 979.08 999.28 1016.80
883.19 882.48 882.64 882.94 884.02 884.36 884.89 882.71 877.45 871.45 863.38 855.89 853.23 854.30 858.93 867.62 879.03 888.14 887.81 881.77 872.62 868.51 871.40 880.62 893.51 904.78 911.49 910.20 899.45 884.63 870.85 861.18 854.29 850.29 847.89 846.67 844.60 843.71 841.71 839.60 838.67 839.07 839.11 838.15 836.15 833.71 831.71 829.23 825.83 824.24 825.43 829.83 837.41 846.07 856.06 865.32 876.51 887.26 899.33 906.84 912.63 915.18 917.82 924.23 932.08 946.50 960.53 973.48 988.36 1003.10
873.32 872.32 873.43 877.72 881.94 885.17 886.18 884.06 879.17 873.06 865.05 858.24 856.25 856.08 859.03 864.92 874.54 882.18 882.30 876.27 868.52 865.66 869.84 879.78 891.75 903.66 911.61 910.72 900.89 887.14 873.36 862.08 852.84 848.94 849.06 847.11 846.06 844.01 841.89 841.19 840.19 838.78 837.73 836.74 834.73 833.78 832.00 832.24 831.25 830.11 829.09 832.03 839.03 844.90 851.78 860.79 872.58 883.37 894.11 902.29 907.34 912.56 917.77 925.86 935.06 949.72 965.87 978.10 989.65 1000.47
870.88 869.95 872.07 877.26 882.30 886.26 886.43 884.00 880.04 872.93 865.68 858.28 855.82 854.93 857.39 863.62 869.20 871.96 872.24 868.14 864.13 864.07 868.35 877.53 888.31 897.98 904.33 904.45 895.34 885.32 874.01 860.93 851.42 849.07 849.07 848.19 846.15 843.39 841.11 840.82 839.82 836.31 835.31 833.55 832.24 831.16 832.00 832.50 829.71 828.96 830.22 833.14 839.78 846.92 854.68 862.92 871.70 879.47 887.17 895.68 902.40 909.12 915.85 921.87 930.01 942.11 956.21 969.83 978.49 990.09
