week1/GMRTv4_0_20220813topo.asc
ncols 386
nrows 273
xllcorner 88.029052734375
yllcorner 47.73026692687565
cellsize 5.4931640625E-4
nodata_value -2147483648
[rows 155 to 185 of 273, columns 0 to 69 of 386]
778.00 778.06 777.48 778.98 780.47 781.92 784.54 786.61 787.54 788.99 790.55 792.00 794.00 795.99 797.99 799.99 801.05 802.66 803.66 805.21 807.70 810.81 812.81 812.81 811.70 810.15 808.54 807.99 808.36 810.55 808.88 810.49 811.87 814.03 815.97 818.03 820.03 822.48 824.48 826.03 828.16 829.21 829.55 829.36 830.29 831.84 834.64 835.65 835.05 834.61 833.99 833.48 830.97 830.90 833.02 835.60 837.66 838.60 840.05 841.99 845.06 848.11 850.05 851.60 853.08 854.63 855.56 855.83 858.74 860.13
778.05 777.05 777.00 778.97 778.98 781.03 783.05 785.05 786.03 788.03 790.00 792.00 794.00 795.03 797.05 799.05 799.06 800.06 801.08 802.08 804.13 805.19 807.19 807.16 808.13 807.08 807.03 807.03 808.97 810.00 809.95 810.95 812.00 812.97 815.00 817.00 818.97 822.00 824.00 825.00 826.07 826.06 829.02 829.99 830.99 831.99 832.05 832.13 833.13 833.10 833.03 833.00 829.97 829.97 831.00 833.08 835.13 836.10 838.13 841.10 844.10 846.13 848.13 849.10 850.10 851.08 852.06 855.00 859.99 862.96
774.65 775.56 777.00 779.00 781.14 780.95 781.93 783.93 786.00 788.00 790.00 792.05 794.11 795.05 796.04 797.20 798.63 799.63 799.98 800.51 800.79 801.74 803.32 804.39 804.79 805.56 806.69 807.11 808.69 809.69 811.18 812.18 812.47 814.12 815.42 817.47 820.12 822.00 824.00 825.00 823.92 825.58 827.62 828.14 829.62 830.20 829.77 829.18 828.64 828.58 832.63 833.11 831.12 831.12 831.81 831.25 830.27 832.34 833.69 836.69 839.27 841.74 844.16 845.71 847.13 849.56 852.00 855.47 858.98 861.51
772.04 774.04 777.00 779.00 781.00 781.99 782.00 784.06 786.10 788.10 790.10 791.11 792.15 794.14 794.15 794.12 797.11 798.07 799.08 800.00 800.97 802.92 803.92 804.95 805.03 804.07 804.12 805.15 806.15 807.12 809.12 810.12 812.08 813.08 816.07 817.08 819.08 822.03 824.03 825.03 823.08 825.06 825.12 826.07 827.15 827.15 826.11 825.13 825.11 826.07 831.11 831.12 830.08 830.08 828.17 827.19 825.22 827.22 829.19 832.22 834.22 836.30 839.30 842.21 844.18 848.14 852.10 855.08 858.08 861.03
772.29 774.69 777.29 779.34 781.00 780.93 781.56 781.86 782.34 784.39 786.39 788.41 789.41 790.74 791.81 792.83 794.81 796.93 797.93 800.05 802.12 804.12 805.12 805.10 803.64 802.64 802.64 802.52 803.57 805.64 807.64 807.85 809.85 811.24 813.12 815.19 817.19 820.24 822.29 822.80 822.03 821.63 822.80 824.24 824.91 824.81 824.88 825.00 824.37 824.64 828.12 829.59 828.64 828.19 826.14 824.52 821.44 823.49 826.12 828.05 829.71 830.64 833.29 836.29 839.76 844.20 848.59 852.90 855.90 858.90
774.76 777.80 779.84 780.94 781.00 781.00 781.93 782.00 782.93 784.00 786.00 788.93 789.89 791.90 792.86 794.84 795.94 797.00 798.04 799.10 801.14 803.14 804.14 803.16 801.16 800.12 800.12 801.06 801.12 803.16 805.20 804.11 806.15 808.16 811.09 813.09 815.09 817.16 818.22 820.09 820.08 820.92 820.05 821.16 824.14 826.02 826.02 825.08 824.15 822.16 826.13 828.10 826.16 826.09 825.07 823.14 820.10 821.16 824.13 826.13 826.15 827.19 828.25 831.25 835.29 839.32 844.36 848.33 851.29 854.29
777.90 779.87 780.80 781.09 781.05 781.00 782.05 782.05 783.05 783.68 785.73 788.77 791.21 793.17 795.24 796.17 796.09 796.73 796.66 797.66 798.22 799.85 800.85 801.29 800.02 800.05 800.00 800.95 801.32 801.83 802.76 803.95 804.83 807.25 809.88 811.88 813.56 816.02 817.39 819.02 820.85 821.14 820.09 819.29 820.81 823.27 823.27 822.27 821.22 819.88 823.22 826.70 824.70 823.93 821.85 819.81 818.56 819.61 821.49 823.49 824.93 824.76 826.17 828.85 831.42 836.17 839.78 842.71 846.42 849.42
776.12 777.20 778.25 779.21 780.08 781.05 781.08 781.08 782.03 782.03 783.20 785.38 788.38 791.35 793.30 794.30 794.25 794.25 794.25 795.25 795.20 796.24 797.28 798.29 798.25 799.13 800.00 801.92 802.93 803.84 804.84 804.83 806.79 808.88 810.92 812.92 812.99 814.21 816.31 817.35 817.38 818.43 818.30 816.15 818.11 819.32 819.32 818.23 818.10 817.06 820.20 823.33 821.28 820.24 818.19 817.15 818.09 818.07 820.99 822.99 825.00 826.84 827.93 829.00 830.99 834.11 836.24 839.28 842.32 845.32
774.84 775.55 775.85 777.59 780.04 779.88 780.87 781.59 783.70 783.70 782.51 781.69 784.11 786.03 789.15 790.49 791.18 791.56 791.52 792.90 793.59 793.47 793.69 794.36 795.47 797.63 799.71 801.71 803.04 804.00 805.34 807.06 808.37 810.45 811.34 813.38 813.00 812.88 812.74 812.28 813.40 813.33 814.11 815.03 816.76 817.02 816.94 818.09 819.16 817.04 818.68 820.64 819.38 817.31 816.00 814.60 815.56 818.04 821.04 823.00 825.04 826.75 827.75 828.75 830.41 832.00 833.31 834.90 836.82 839.87
776.69 775.79 775.89 776.94 779.05 780.79 783.59 784.71 785.86 785.86 785.76 783.75 782.93 784.98 787.08 789.09 789.98 790.04 790.94 792.10 792.99 793.84 795.69 795.69 795.73 796.04 798.09 800.14 802.15 804.05 805.96 808.80 809.86 810.11 812.06 813.21 813.05 813.90 813.90 813.79 813.89 813.89 812.93 812.07 812.50 813.51 815.41 816.41 817.41 816.21 816.30 817.34 815.28 813.28 812.17 812.24 814.20 817.21 820.21 823.16 824.26 824.24 825.24 826.24 827.29 828.33 829.44 830.38 832.43 834.53
780.31 778.92 778.96 778.92 780.89 784.27 787.04 787.69 787.61 787.65 787.69 785.65 784.61 785.54 787.58 788.92 790.23 791.31 792.31 792.23 793.27 795.73 798.46 798.46 799.49 797.65 798.00 798.96 801.00 803.00 807.15 809.04 811.11 810.35 810.66 810.58 811.69 813.46 813.77 813.77 814.08 814.04 814.11 812.31 810.16 810.54 810.05 811.05 812.39 813.62 813.62 815.69 814.73 813.35 811.96 810.93 811.58 814.04 816.77 818.70 820.01 822.11 823.39 824.69 824.62 824.55 825.55 827.31 828.24 830.28
784.69 784.44 783.56 782.62 785.50 789.57 789.80 790.72 790.78 789.84 788.91 787.73 787.67 788.67 789.79 790.64 792.71 793.71 794.71 794.71 794.83 796.14 799.13 799.07 800.95 799.96 798.00 798.06 799.18 801.24 805.30 808.18 810.18 810.19 809.11 809.17 809.29 810.33 811.35 811.29 812.30 813.18 813.18 813.07 811.01 809.93 809.80 810.74 811.99 811.35 811.23 813.23 813.17 813.19 813.00 811.06 810.23 809.44 810.61 812.61 814.62 817.50 820.39 822.40 822.35 822.29 823.35 824.33 825.39 826.63
787.47 787.47 786.43 786.50 789.26 791.90 791.87 792.00 791.46 792.06 792.10 792.21 791.14 791.89 792.61 793.64 794.60 795.32 796.07 796.11 796.11 796.07 796.64 797.11 799.15 798.68 797.93 799.00 800.00 800.96 803.68 806.40 808.43 808.71 809.07 807.96 807.68 807.60 808.64 809.43 810.43 811.47 811.43 811.43 810.72 811.11 811.14 812.65 811.51 808.85 811.32 812.75 811.68 811.43 810.08 808.90 806.79 806.04 806.25 808.25 810.53 813.25 816.28 818.32 819.08 820.18 820.11 820.83 820.79 819.64
787.22 787.22 787.01 786.95 788.14 790.25 791.05 793.71 795.48 798.43 799.22 798.36 797.30 796.43 796.48 796.62 796.82 796.87 796.00 795.08 795.14 794.29 794.33 794.10 795.24 797.07 799.65 800.53 801.59 801.79 802.13 804.18 805.32 806.33 807.41 807.27 806.19 806.25 806.40 806.26 807.38 807.52 808.38 808.32 810.05 810.27 809.41 809.38 808.32 809.06 811.16 811.13 810.13 808.32 806.30 803.37 802.29 803.22 804.24 806.18 809.25 811.18 813.32 814.46 815.43 815.57 815.57 815.62 814.76 813.70
785.48 785.73 786.78 787.82 787.74 787.88 789.70 793.55 797.73 800.20 802.02 801.24 801.28 800.22 799.40 799.15 798.07 796.97 795.97 796.04 794.97 793.94 793.12 794.16 795.39 798.78 801.81 804.76 804.37 803.04 802.00 802.70 803.73 804.48 804.40 804.69 804.76 803.37 803.44 805.58 804.92 804.40 805.37 806.70 808.42 807.37 806.63 806.60 806.96 807.93 810.78 811.06 809.81 806.93 804.96 802.74 800.96 800.37 801.66 804.48 806.69 809.76 811.73 812.73 811.59 811.33 811.36 810.29 809.29 809.08
782.36 783.31 785.15 786.98 786.98 787.10 788.15 790.43 793.59 796.93 797.84 798.70 799.46 800.07 800.08 799.00 798.00 797.83 796.83 796.83 795.83 795.60 795.49 797.32 800.31 802.72 804.95 805.14 805.79 803.77 802.00 801.15 801.38 801.43 801.49 801.68 801.68 801.33 799.53 801.59 803.53 801.30 803.20 805.21 807.03 805.13 805.21 806.05 806.10 807.93 809.15 809.33 807.31 807.13 804.17 801.98 800.23 798.26 799.45 801.43 803.61 806.68 809.51 810.45 809.38 808.43 807.59 806.66 805.59 805.28
780.73 782.83 784.85 786.83 787.03 788.07 788.00 787.88 790.45 791.08 793.18 794.41 796.71 798.78 799.01 798.83 798.05 798.05 797.00 796.74 795.95 797.30 799.47 801.22 801.61 802.54 803.75 805.92 806.92 805.33 802.26 801.05 799.75 798.45 797.35 797.32 797.55 797.78 797.93 798.65 799.35 800.57 801.75 803.52 805.27 804.80 803.67 804.70 806.64 808.67 808.83 808.83 806.83 804.42 803.88 801.57 798.73 795.68 796.65 798.63 800.63 802.55 805.58 807.68 807.73 805.86 804.63 802.73 803.00 805.38
779.31 780.56 781.69 784.56 786.33 788.21 788.21 787.33 787.47 787.45 788.71 790.73 793.75 795.75 796.78 796.56 796.59 796.52 797.07 796.79 797.55 798.02 799.14 801.00 799.89 800.96 801.43 802.75 803.82 805.42 802.28 799.52 797.50 795.34 795.15 795.96 796.91 798.00 798.00 797.17 797.22 798.22 799.43 800.34 802.19 803.17 803.79 804.05 804.22 805.47 806.56 806.50 804.43 802.28 799.81 799.28 797.38 793.50 795.24 798.05 800.05 801.98 804.17 805.29 806.10 805.93 803.77 804.41 806.18 809.20
776.29 776.43 778.27 780.22 783.32 784.25 784.22 784.29 784.29 784.29 784.45 786.45 789.27 791.02 792.02 792.43 792.61 793.65 795.93 797.16 799.23 798.16 800.50 801.05 801.12 800.84 799.59 798.22 798.13 801.63 800.54 796.68 794.68 794.82 794.80 796.20 798.27 798.20 798.00 796.80 795.98 796.73 797.95 799.80 800.95 802.62 803.62 802.93 803.16 802.73 802.25 803.34 802.62 799.70 797.80 796.29 793.02 790.47 793.57 796.77 798.98 802.05 804.00 806.07 807.27 807.46 807.98 808.98 811.89 814.56
772.42 773.45 775.28 776.50 778.78 779.78 780.57 780.50 780.42 780.42 780.66 782.74 783.93 786.54 787.47 789.45 791.26 793.05 796.07 799.67 801.67 800.60 801.34 799.57 799.71 798.69 795.74 794.28 795.00 799.48 798.31 795.26 793.19 793.19 793.97 797.10 799.10 799.10 798.14 796.12 794.43 796.05 797.21 799.05 800.29 800.16 801.16 803.00 803.45 799.97 797.85 798.07 798.09 797.69 794.69 792.42 788.40 788.31 790.52 794.55 797.57 800.57 804.21 806.14 808.10 809.84 812.67 813.74 814.29 812.95
770.41 771.61 772.72 773.52 774.46 775.46 776.46 777.50 778.77 778.75 778.75 779.68 780.86 782.80 784.86 787.77 789.81 791.81 794.63 798.29 800.31 800.56 799.67 796.72 794.77 793.57 792.92 795.15 796.88 797.49 795.56 793.79 792.88 793.02 793.98 795.95 797.79 797.61 795.54 793.54 793.66 794.97 796.66 797.77 798.77 799.84 801.00 802.86 799.12 793.14 792.57 792.39 792.05 792.41 792.57 790.93 786.91 785.68 787.54 791.19 794.23 797.23 800.32 803.54 806.79 809.86 812.72 812.47 810.18 806.89
767.23 768.50 770.52 771.18 772.18 773.26 774.18 776.02 777.21 777.97 777.97 778.97 781.00 783.00 785.07 786.28 786.69 788.84 790.81 792.06 793.38 794.48 794.51 794.96 793.92 792.58 790.87 792.18 791.29 791.33 791.88 791.52 789.69 792.24 794.76 795.24 795.45 794.57 792.57 790.57 791.33 793.70 794.33 796.36 797.36 798.36 801.15 800.52 794.44 790.15 791.21 790.18 787.36 789.50 790.94 791.00 787.69 784.90 784.42 786.51 787.92 790.92 795.78 800.57 804.60 807.74 808.27 807.31 803.38 800.72
765.76 767.07 769.07 771.14 771.97 771.92 774.17 774.92 777.16 778.17 778.17 779.02 780.70 782.86 783.95 784.95 786.03 785.89 787.75 787.67 787.59 787.54 787.38 786.10 786.30 786.68 787.71 787.84 787.90 786.65 787.53 789.66 789.19 792.03 794.88 794.88 794.88 791.89 789.73 787.70 788.73 789.53 791.45 793.44 794.59 795.44 798.61 798.67 792.80 789.84 791.02 790.02 787.02 787.97 790.72 790.88 789.08 786.22 784.00 783.85 786.06 789.04 793.12 797.84 801.75 802.32 801.10 799.02 797.46 797.75
765.70 768.69 770.84 772.77 773.47 772.73 774.30 775.73 778.03 778.37 778.37 778.34 778.27 781.38 783.41 784.41 784.61 785.41 785.50 786.16 787.04 786.23 785.13 783.24 785.16 787.22 787.19 786.61 786.61 786.04 784.54 786.69 788.79 790.83 792.80 792.72 792.65 791.41 788.38 787.92 787.46 786.76 786.92 789.66 791.69 791.66 794.96 794.96 791.31 789.04 790.41 789.41 786.34 786.61 787.54 788.65 788.34 787.11 784.07 784.66 788.35 791.86 797.63 799.25 799.57 797.85 795.82 794.55 794.47 795.50
766.01 769.94 770.07 772.88 774.01 773.28 774.01 776.01 777.88 776.82 776.69 776.67 776.81 778.76 780.77 781.77 782.69 782.76 784.89 787.09 785.94 785.99 786.21 781.97 781.45 783.46 783.71 784.97 784.82 784.82 782.95 782.55 784.30 785.25 787.25 788.45 789.65 788.63 785.75 784.55 783.43 781.50 782.57 785.59 787.45 787.57 790.46 790.71 789.82 787.94 787.75 786.73 785.07 784.94 785.81 785.75 786.69 785.69 782.94 786.19 791.53 798.73 804.76 803.21 797.69 794.63 792.75 791.85 793.97 795.11
765.29 768.33 771.18 771.33 773.37 774.52 773.29 775.44 776.41 775.33 774.22 774.85 775.89 777.26 778.55 779.63 780.44 781.48 782.70 785.81 786.15 786.71 786.40 780.66 777.48 778.92 781.63 783.59 783.26 783.33 782.29 780.85 780.07 780.44 782.66 784.70 785.96 786.29 784.96 782.93 780.11 779.22 780.37 781.88 783.48 785.22 785.77 788.70 788.26 788.00 786.89 786.74 786.11 785.00 785.04 785.04 784.29 783.29 783.07 787.04 793.63 799.99 804.73 801.96 795.44 792.29 791.89 793.34 795.34 797.45
765.11 767.06 768.89 769.93 771.83 771.89 772.89 772.89 773.89 773.94 774.11 776.06 777.06 777.11 778.01 777.84 776.72 777.73 779.68 781.62 783.79 787.02 784.84 778.93 776.98 775.97 779.91 783.01 782.90 781.84 781.90 781.97 781.08 780.13 778.73 780.52 782.57 784.74 784.91 783.00 781.18 779.01 777.88 780.06 783.01 785.01 785.12 785.90 787.91 787.91 787.84 785.74 784.76 784.81 783.87 783.77 782.76 781.86 781.85 786.82 789.77 794.38 796.17 795.10 791.54 790.96 793.18 795.18 797.06 798.12
766.11 768.11 769.07 770.75 771.03 772.07 772.03 773.15 774.15 774.15 775.19 776.15 777.07 778.19 777.40 776.28 775.96 776.28 777.24 779.31 782.43 785.79 783.43 779.68 778.21 778.85 781.89 782.10 781.06 780.06 780.21 779.60 779.79 779.83 777.36 776.60 778.67 781.71 782.75 783.15 781.51 778.40 778.75 781.11 782.40 784.40 785.51 785.54 785.90 785.90 785.54 782.86 780.58 781.25 780.76 779.04 778.65 779.15 779.75 782.43 786.01 787.89 788.10 786.66 786.31 789.79 793.51 795.36 797.00 798.36
764.87 766.78 767.78 769.78 769.87 770.78 770.88 770.83 771.74 771.73 772.64 773.74 775.69 775.82 775.87 775.92 775.92 775.92 776.92 777.87 779.73 782.56 780.82 780.00 781.19 783.23 785.20 785.26 784.25 783.16 781.06 779.01 776.90 776.88 776.03 775.03 775.89 778.73 779.82 780.64 778.73 776.95 777.86 779.86 780.77 782.87 782.73 781.59 780.47 780.29 780.19 777.35 773.48 774.40 771.11 769.21 770.25 774.59 776.73 777.68 777.44 779.36 780.32 780.63 782.71 786.81 790.91 794.92 797.01 798.01
762.73 763.68 764.61 766.68 767.73 767.68 768.01 768.01 767.96 768.76 768.71 770.03 771.64 773.80 773.73 773.73 773.73 774.38 775.45 775.66 776.68 776.87 778.66 780.00 782.04 784.69 785.39 784.75 784.54 782.50 780.50 778.50 776.93 778.30 777.69 776.69 776.72 776.33 777.66 777.22 776.19 777.00 776.88 778.96 778.91 780.66 779.68 778.22 774.15 771.56 771.74 771.98 770.79 769.45 765.01 763.40 765.05 771.22 774.33 774.61 773.64 774.09 773.90 777.54 781.56 786.03 790.50 793.52 796.50 797.35
760.95 762.02 764.06 765.01 765.94 765.95 766.93 766.93 766.94 765.85 765.85 767.74 769.74 770.85 771.89 771.96 771.96 772.89 772.92 774.94 774.90 775.94 777.94 779.94 782.01 785.02 784.94 783.94 781.92 779.85 777.84 775.97 778.11 779.00 777.94 776.88 775.68 774.96 777.01 777.00 777.05 777.01 777.98 779.01 779.08 779.94 777.89 777.95 773.98 768.97 771.02 774.24 772.33 770.25 766.25 764.25 766.25 771.06 773.09 774.14 772.10 769.94 771.89 777.91 782.01 784.96 787.85 789.80 793.78 797.01
