week1/GMRTv4_0_20220813topo.asc
ncols 386
nrows 273
xllcorner 88.029052734375
yllcorner 47.73026692687565
cellsize 5.4931640625E-4
nodata_value -2147483648
[rows 124 to 154 of 273, columns 0 to 69 of 386]
840.46 842.69 845.03 846.34 848.57 851.57 855.27 860.07 863.53 865.76 866.57 864.49 860.27 856.20 853.74 851.71 851.94 854.01 857.01 860.97 865.71 869.47 872.47 874.81 875.15 874.79 874.65 876.39 878.05 881.05 884.05 888.49 892.50 896.84 901.18 903.48 905.48 906.45 908.45 910.45 913.30 916.89 921.28 926.01 929.74 933.38 937.15 940.76 946.07 951.37 954.64 956.18 954.80 950.65 948.16 945.53 941.69 938.78 936.71 934.87 935.63 936.79 939.21 941.44 944.66 948.07 950.77 952.65 955.05 957.63
837.41 841.27 844.22 847.02 850.94 853.94 856.15 858.51 860.60 862.78 862.76 860.69 856.56 852.63 848.47 847.31 849.24 851.17 854.17 857.26 861.31 863.39 866.45 869.60 870.68 870.80 872.49 873.41 874.33 877.39 880.39 884.56 890.25 895.27 900.35 902.46 904.46 906.37 908.37 910.37 913.30 916.29 919.25 921.55 924.60 928.85 932.68 937.71 944.64 951.50 955.51 955.41 952.49 948.42 945.17 942.28 940.27 939.26 937.19 932.11 931.25 934.17 937.12 940.98 943.98 946.31 949.27 950.49 951.39 953.38
834.64 838.40 842.50 846.58 849.50 852.26 853.22 853.93 853.79 855.28 855.79 854.83 852.98 848.36 846.74 845.96 846.88 849.72 852.96 856.76 859.96 863.03 864.99 865.60 865.53 866.63 868.12 870.43 872.50 874.40 877.67 881.67 887.16 891.95 895.90 899.01 901.01 901.90 903.93 906.12 910.19 913.40 916.43 918.43 920.39 922.83 926.62 931.44 937.36 943.88 947.91 949.41 947.90 945.16 943.23 941.58 937.70 934.28 933.12 931.82 931.30 933.23 937.30 941.09 943.85 945.36 946.22 946.63 948.43 950.67
833.23 836.27 839.45 843.45 846.45 848.50 848.75 847.84 847.77 848.62 849.84 849.66 847.59 845.38 844.40 845.25 846.25 848.23 852.38 856.18 859.38 862.38 863.49 863.40 863.40 863.58 864.30 867.38 869.32 872.21 875.34 879.34 884.19 887.35 890.59 892.77 894.84 896.66 897.70 902.43 906.36 911.27 913.45 915.52 916.70 917.66 919.82 922.15 928.36 933.25 936.43 941.18 942.73 942.32 940.25 938.52 934.72 931.52 929.57 929.74 930.71 932.65 936.71 938.87 940.85 940.75 941.68 943.65 945.38 948.40
831.55 833.47 836.47 840.50 843.26 844.19 843.33 843.19 844.26 844.38 845.35 845.57 844.64 843.49 842.76 843.76 844.55 846.52 848.38 852.43 855.43 858.43 860.47 861.52 861.71 861.95 864.05 865.98 868.83 870.98 874.83 878.83 882.76 885.76 887.67 889.69 890.62 892.62 895.52 899.67 904.71 908.67 910.47 911.21 912.02 913.05 915.05 917.02 919.61 925.30 928.71 932.59 936.97 938.24 937.53 934.45 930.48 927.05 923.51 921.64 923.25 926.32 929.47 931.44 933.42 934.90 937.43 940.69 943.76 946.79
828.57 830.50 833.43 836.63 839.40 840.33 840.36 839.33 840.40 842.15 843.88 844.91 843.91 841.95 840.38 841.52 841.36 844.15 846.15 848.56 851.56 854.63 857.36 859.15 860.98 861.20 862.47 864.47 866.45 869.54 872.52 876.59 880.66 883.66 886.46 887.66 888.59 890.59 893.30 898.39 904.19 907.39 907.57 906.74 905.99 906.19 908.19 911.06 912.31 914.67 920.65 926.18 930.33 933.16 933.18 930.11 925.31 920.19 915.88 913.23 913.98 916.98 921.08 923.81 926.60 930.45 933.70 938.59 941.52 943.72
824.45 827.73 831.59 834.57 837.59 839.64 839.83 839.04 838.95 842.24 845.28 846.28 845.09 842.02 840.02 838.84 840.98 843.98 845.98 847.96 850.98 853.10 857.00 859.02 860.85 860.85 860.76 862.59 864.59 866.33 869.13 872.08 874.84 877.87 880.87 882.04 883.89 886.11 890.18 894.11 899.94 902.98 902.96 901.91 899.99 900.19 901.99 903.92 903.88 905.70 909.22 916.12 921.60 924.38 924.58 922.60 917.92 914.14 911.58 909.99 911.16 914.14 917.09 920.99 923.82 927.86 930.69 934.66 938.54 940.52
821.54 824.72 828.47 832.32 834.47 837.32 838.34 837.59 838.37 841.69 845.54 846.54 844.44 841.30 839.22 839.78 841.78 844.85 846.78 849.55 851.78 854.87 857.07 858.30 858.50 858.50 859.41 859.54 861.54 862.44 864.42 866.78 867.98 870.21 873.21 876.08 877.76 880.01 884.08 888.15 892.42 893.87 894.65 895.05 895.56 896.44 897.42 899.56 898.78 899.13 899.52 904.87 911.22 913.75 914.70 914.11 913.34 911.78 911.46 913.06 915.87 919.64 921.79 924.06 925.33 927.86 929.13 931.65 934.69 937.54
818.73 822.80 826.82 829.56 832.48 834.43 835.26 834.24 835.26 837.19 840.14 841.13 840.51 839.78 839.00 840.02 841.87 843.82 846.87 849.85 852.02 853.95 855.80 856.80 856.80 856.63 855.50 856.41 858.24 860.67 862.46 862.67 863.65 865.65 868.50 870.43 873.33 875.33 878.28 881.23 883.82 884.82 885.99 889.11 891.69 894.63 895.65 895.36 894.21 892.08 891.89 894.74 899.84 905.85 908.26 910.89 913.17 914.65 916.78 918.76 921.93 925.95 928.81 929.91 929.85 930.44 930.37 931.13 933.07 935.00
816.69 820.69 823.94 826.73 827.95 829.20 829.17 828.92 829.10 831.10 833.35 835.02 836.76 838.29 839.07 839.32 839.62 840.86 844.62 848.37 851.40 853.40 853.54 854.54 854.54 853.51 852.66 851.88 852.85 856.08 858.48 860.47 862.22 864.22 865.44 867.51 869.63 871.63 873.88 876.20 877.14 878.14 880.10 883.85 888.94 891.73 891.98 890.27 887.42 885.42 884.99 888.74 894.70 900.42 904.48 910.40 914.18 917.24 919.24 921.99 926.02 929.19 932.66 934.62 934.55 933.42 933.42 933.31 935.38 937.46
812.54 816.40 819.41 821.18 822.33 823.32 823.48 823.48 824.54 826.38 828.53 831.90 834.82 836.82 837.80 837.80 836.72 837.72 841.58 845.59 848.59 850.59 851.82 852.83 852.83 851.67 848.71 847.54 848.53 852.76 856.82 860.02 862.02 864.05 864.90 865.69 865.54 867.40 869.40 870.33 871.35 872.33 875.41 879.56 884.43 886.23 886.23 883.28 881.32 879.61 881.87 885.86 892.79 898.94 902.94 907.62 911.34 914.22 916.22 919.22 923.36 927.55 931.69 934.90 936.08 936.28 936.26 937.34 938.29 939.11
809.56 812.52 814.80 816.49 818.52 820.17 820.48 820.48 821.56 823.25 826.35 830.70 832.66 834.66 836.46 836.31 835.97 836.89 840.01 843.28 846.35 848.35 849.66 849.94 850.01 848.70 845.94 844.56 846.28 850.66 854.66 859.50 861.57 862.12 862.09 861.98 862.70 863.60 865.67 866.74 866.94 868.74 870.87 875.98 879.29 879.53 879.46 878.87 878.17 878.17 882.00 886.73 891.97 899.22 903.15 903.90 905.33 905.85 907.85 910.85 916.68 922.51 928.20 932.09 935.50 937.26 937.91 938.18 938.53 937.12
807.95 810.83 812.84 814.71 816.71 819.77 820.03 820.01 819.83 821.70 823.63 827.64 829.63 831.63 832.69 834.81 836.00 837.96 838.98 841.86 843.80 845.79 846.78 846.78 845.72 844.72 842.78 842.85 844.71 847.66 851.52 855.35 856.16 856.16 856.29 857.35 858.46 860.66 861.48 861.42 862.46 863.39 867.52 871.35 873.15 873.42 874.59 875.63 878.00 879.17 882.13 887.01 891.90 895.60 900.42 900.69 898.49 898.35 900.24 903.12 908.07 913.02 919.95 926.20 931.39 933.50 935.42 935.42 934.34 931.53
807.30 809.34 810.64 811.60 813.67 816.67 818.82 819.45 818.34 819.23 821.92 825.23 827.92 829.85 831.89 833.96 836.15 835.79 837.27 838.46 840.39 843.09 844.79 844.64 843.64 842.64 840.64 839.94 841.67 843.90 847.56 849.83 849.79 849.86 850.97 851.97 854.78 857.12 857.01 856.94 858.64 860.34 863.64 865.97 867.64 868.94 871.67 874.00 878.07 880.81 883.11 886.45 889.79 892.12 894.42 895.87 895.20 894.71 894.20 896.16 900.54 904.84 910.87 917.99 924.10 927.76 929.42 929.35 929.67 928.67
806.90 807.85 808.85 809.74 810.70 813.59 814.65 816.58 816.85 819.01 821.90 825.02 827.90 831.06 833.06 834.02 833.70 831.53 830.43 832.37 835.44 838.54 840.65 842.75 841.86 840.73 838.84 837.84 838.90 841.96 845.86 847.87 847.86 846.80 846.74 847.64 849.48 851.48 852.64 853.80 855.80 857.79 860.68 861.73 863.62 865.68 868.79 872.87 876.75 879.76 881.76 883.60 885.44 886.38 887.33 887.27 888.33 890.54 890.90 892.77 895.62 899.63 904.47 910.33 915.28 920.23 922.34 923.61 925.66 925.70
805.29 806.29 807.29 807.24 807.57 809.60 810.97 813.28 815.36 818.40 820.36 823.80 826.43 830.55 832.47 832.88 830.79 827.68 826.68 827.64 829.96 834.00 837.05 839.72 839.61 838.84 837.81 836.81 838.33 840.73 843.76 845.09 845.83 844.69 845.43 844.57 845.60 847.60 849.64 851.69 853.61 856.29 858.92 860.96 861.92 863.92 867.36 869.94 873.64 875.97 877.97 878.93 879.89 880.96 881.96 881.89 882.89 885.93 890.40 892.56 893.92 897.32 901.35 904.96 909.29 913.25 916.29 919.37 921.37 922.72
804.99 805.99 807.00 807.00 806.91 807.78 808.78 811.79 813.78 816.70 818.70 820.65 823.65 826.60 829.65 828.60 826.60 824.74 823.83 824.92 826.91 830.81 833.81 836.81 839.01 840.05 840.10 839.10 838.01 838.88 840.75 841.75 841.79 842.88 842.82 843.91 843.95 845.95 847.96 849.96 853.00 856.00 859.10 861.00 862.09 864.10 866.05 869.01 871.86 873.86 875.78 876.88 877.78 877.92 878.92 879.88 880.97 883.87 888.97 894.06 893.99 895.96 898.81 901.89 905.89 909.89 912.89 915.89 917.88 919.98
805.57 806.65 807.07 807.07 805.95 805.98 806.34 808.69 811.41 813.36 815.36 817.29 819.65 823.36 825.72 824.65 822.57 821.69 821.74 823.78 826.43 830.10 833.03 836.10 838.50 840.15 840.15 839.15 837.50 836.81 837.12 838.12 839.09 840.81 841.31 842.95 844.00 846.00 847.28 849.28 853.07 856.00 859.47 861.15 863.19 864.47 866.47 868.43 871.03 873.03 873.98 874.74 876.13 876.93 877.28 877.88 879.21 882.53 888.00 893.65 894.79 895.43 898.03 902.72 906.57 911.29 914.22 917.15 919.79 922.12
806.92 806.88 805.83 805.83 805.87 804.90 804.90 806.83 808.71 810.78 812.86 815.82 817.89 820.86 822.86 822.89 822.00 819.95 819.96 821.96 824.89 827.86 831.83 833.86 835.79 837.79 837.79 836.79 834.86 833.78 833.79 834.85 836.89 837.92 841.01 842.94 844.01 845.94 847.98 849.98 851.97 855.80 857.76 858.80 860.72 862.83 864.83 866.90 869.82 871.83 872.82 872.90 872.82 872.74 872.67 873.60 875.65 878.68 882.71 888.56 892.73 893.90 896.98 901.83 907.91 912.01 916.12 920.15 923.15 926.20
803.26 803.26 802.88 802.81 802.81 802.86 802.79 803.74 805.31 808.36 810.71 813.36 816.48 818.86 820.86 822.09 822.07 820.62 820.00 821.45 823.55 825.93 828.81 831.93 832.81 834.12 834.81 833.81 832.17 831.43 830.66 833.40 835.33 837.38 839.83 841.48 842.83 843.79 845.86 847.93 850.36 851.90 853.28 854.64 856.83 859.19 861.88 864.86 867.50 868.74 870.43 870.86 870.17 869.81 868.69 868.71 870.09 874.28 879.33 883.85 887.52 891.31 894.74 898.26 905.02 911.74 916.57 921.19 924.26 926.65
798.74 798.74 798.80 799.83 799.83 799.83 800.86 801.91 803.96 806.91 809.90 811.86 813.83 815.89 817.89 819.89 820.92 820.90 819.95 819.86 819.84 821.84 825.78 827.84 829.88 831.92 831.88 830.88 829.92 828.88 829.90 831.92 834.96 836.96 837.92 838.88 840.87 841.87 842.83 843.74 845.74 846.76 847.70 849.74 852.74 855.78 857.80 861.83 863.79 866.87 867.83 867.89 867.92 866.88 866.92 865.83 866.78 868.66 873.71 878.66 883.73 886.74 889.80 893.79 898.67 905.63 913.63 918.74 920.81 922.64
794.66 794.73 795.19 796.85 797.44 797.37 798.30 801.02 804.07 806.02 807.30 809.37 811.44 813.31 815.31 817.45 818.45 817.92 817.98 817.44 818.43 820.43 822.25 826.50 828.50 830.57 830.57 829.50 827.84 826.91 827.51 829.98 832.38 834.38 835.31 836.91 837.92 838.33 839.33 839.73 841.66 843.71 844.84 846.91 848.66 851.80 854.19 858.33 861.51 863.92 864.92 865.45 865.38 864.98 864.98 862.92 862.21 863.75 869.28 873.89 878.89 882.80 886.85 891.58 895.39 899.57 904.87 911.45 916.29 915.58
794.00 792.97 792.97 793.95 794.95 795.94 797.93 799.94 802.90 804.90 806.93 807.90 808.88 809.84 811.80 811.82 812.82 813.85 813.88 814.91 816.94 818.94 821.97 823.91 825.91 826.89 826.89 826.91 825.90 823.91 823.85 825.81 827.85 829.85 831.91 833.87 833.89 833.85 834.85 837.90 840.93 843.00 845.04 846.01 847.96 848.91 851.87 853.85 857.78 859.78 860.78 859.82 860.85 860.88 860.85 858.92 858.95 860.91 864.81 868.79 873.75 879.81 883.84 886.75 892.80 895.91 900.84 905.82 908.72 910.89
794.00 792.93 793.00 793.37 794.44 794.94 795.33 797.89 799.83 802.39 804.39 804.83 805.20 805.77 806.72 808.83 809.83 810.83 812.52 813.45 815.45 817.38 820.45 822.52 823.95 824.25 824.25 824.82 823.39 821.82 820.76 821.77 824.27 826.83 829.89 831.46 831.82 831.33 832.26 835.26 838.96 843.07 845.56 846.56 847.08 847.52 848.47 850.40 852.29 854.29 855.16 857.46 858.39 859.45 858.89 859.63 859.00 859.45 860.84 863.72 867.73 873.30 878.99 881.36 887.36 893.60 896.42 900.78 903.79 908.39
793.98 794.02 793.02 794.02 794.02 795.02 795.02 795.98 797.98 800.96 802.96 802.98 804.00 803.98 804.98 806.98 807.98 808.98 809.96 811.96 813.96 816.98 818.96 819.96 820.96 823.00 823.02 824.02 822.02 821.02 820.02 820.00 821.98 824.98 827.96 828.96 831.00 831.02 833.06 836.04 837.98 841.96 843.94 844.94 844.92 844.92 844.92 845.92 847.90 849.90 852.92 854.90 856.94 857.96 858.98 858.96 858.98 857.96 857.94 859.92 862.88 865.85 870.81 875.82 881.84 886.82 890.86 895.90 900.92 904.90
792.47 794.00 793.99 795.07 795.59 796.12 796.19 796.13 797.60 799.60 801.60 802.60 803.53 804.07 805.07 806.53 808.13 809.13 810.13 811.07 813.07 815.47 818.01 820.07 820.93 822.93 824.66 825.06 825.25 823.66 822.66 821.53 822.53 824.47 826.41 828.47 831.00 832.59 835.65 837.12 838.07 839.40 840.34 841.34 841.94 841.81 843.41 845.01 845.95 847.48 848.95 850.48 852.47 855.67 856.53 856.47 856.47 856.00 856.00 856.94 858.35 860.82 864.82 869.17 876.36 880.76 886.48 892.07 897.14 900.01
790.97 793.98 795.00 796.00 795.99 794.97 793.97 793.96 794.95 795.94 797.95 799.96 801.97 802.98 803.97 804.97 805.96 806.97 807.98 808.98 810.98 813.98 816.98 818.98 822.00 824.00 823.98 824.98 824.98 824.98 823.99 823.00 822.99 824.00 825.99 828.00 830.99 832.99 835.99 835.98 836.98 836.98 837.98 838.98 838.98 841.00 843.00 843.99 844.98 844.97 844.96 844.95 845.95 848.94 851.95 852.97 852.97 852.97 852.97 853.97 854.97 856.96 859.97 866.97 871.95 876.96 880.94 884.93 888.91 892.91
786.42 790.55 793.62 795.11 794.56 792.43 790.93 789.86 789.80 790.80 793.36 795.86 798.93 801.05 800.36 801.37 802.37 804.43 806.49 808.56 810.56 812.49 815.56 817.56 820.05 821.54 821.61 821.10 821.17 821.17 821.67 821.11 820.99 822.99 825.00 827.05 828.99 831.05 833.61 834.11 834.54 835.11 836.05 836.99 838.49 840.56 841.99 843.62 843.56 842.50 841.93 842.37 844.51 846.50 848.43 849.99 849.48 849.55 849.55 850.48 851.99 853.31 859.06 864.12 868.05 872.55 876.04 878.47 881.47 883.91
783.02 786.02 790.02 792.02 792.02 791.01 789.01 788.00 788.00 789.00 791.00 794.01 797.01 798.01 799.00 800.00 801.00 803.00 805.00 807.00 809.00 811.00 813.01 815.01 817.01 818.01 817.02 815.02 814.03 814.02 816.02 817.02 819.01 822.00 824.01 825.00 827.01 828.01 829.01 830.01 831.01 831.01 833.01 835.01 838.00 839.00 841.00 841.01 841.01 840.01 840.01 842.01 843.02 844.02 846.02 847.02 846.01 845.01 845.01 847.01 849.01 853.01 857.02 859.02 863.02 867.02 870.02 872.02 874.03 876.03
778.85 780.91 784.01 786.01 787.01 786.97 787.52 787.52 787.94 788.94 791.00 792.46 794.93 796.94 799.00 800.48 801.48 803.00 805.06 807.06 809.48 811.96 813.42 815.00 815.52 814.50 812.97 810.37 809.68 810.27 810.79 814.04 817.10 820.16 822.10 824.22 824.56 826.04 827.52 828.46 828.87 829.94 831.52 833.52 836.04 838.64 839.58 839.04 837.97 836.97 836.97 837.97 837.43 837.89 840.49 841.54 843.20 843.64 844.12 845.04 847.04 848.85 852.32 855.45 857.85 861.43 863.95 866.01 868.07 869.59
778.00 778.03 779.06 781.06 783.06 784.06 786.03 787.00 789.00 790.00 791.00 792.00 794.02 797.01 799.01 801.01 802.01 803.00 804.02 806.02 810.01 813.01 815.00 815.01 814.03 812.03 810.04 809.01 811.01 810.98 810.01 811.03 814.06 816.06 819.06 820.06 822.03 824.03 826.03 828.01 829.00 830.00 830.02 832.04 834.06 836.07 837.04 837.03 836.03 835.01 835.03 835.04 834.06 835.06 836.07 837.04 838.05 840.06 841.06 843.03 845.01 848.00 851.03 853.04 856.04 858.06 860.07 861.10 862.10 863.10
