week1/GMRTv4_0_20220813topo.asc
ncols 386
nrows 273
xllcorner 88.029052734375
yllcorner 47.73026692687565
cellsize 5.4931640625E-4
nodata_value -2147483648
[rows 0 to 30 of 273, columns 140 to 209 of 386]
975.32 977.59 974.59 968.41 958.69 948.20 932.60 919.88 911.13 904.10 899.48 897.43 897.32 898.83 898.79 898.19 897.70 896.69 895.23 894.05 895.75 896.13 898.21 901.89 904.95 905.75 907.33 912.75 917.74 922.29 926.97 926.74 928.10 929.17 930.06 930.46 932.54 936.74 939.73 938.54 936.90 938.07 938.42 942.39 947.94 954.48 959.91 965.29 968.75 970.22 970.44 970.40 970.97 971.03 969.58 967.51 965.08 962.51 958.89 954.82 951.34 949.23 951.31 955.32 961.70 968.71 973.16 974.60 973.53 972.21
962.72 968.74 973.84 976.99 979.24 972.40 954.45 933.33 915.14 906.07 902.07 899.07 898.05 898.02 896.98 894.97 892.95 892.93 892.96 893.00 891.99 891.97 891.93 894.88 897.88 901.93 906.96 910.95 916.95 921.95 925.89 925.96 930.00 930.00 929.96 928.95 927.91 928.85 932.84 933.89 934.97 936.98 941.03 948.08 955.16 963.19 970.21 976.21 978.19 976.14 971.02 968.93 967.91 967.89 966.91 965.93 962.93 960.96 959.04 956.06 949.98 946.97 946.89 949.88 956.88 962.86 966.86 967.90 967.93 965.92
953.32 957.19 962.85 969.03 978.65 978.94 967.44 945.19 922.10 910.91 905.85 903.45 901.45 899.86 898.33 895.93 894.06 891.28 891.81 892.93 893.39 893.40 893.47 893.35 895.42 899.42 904.42 908.94 913.82 918.82 921.89 925.20 928.61 929.13 926.95 925.88 924.82 925.82 927.57 930.89 933.54 937.13 941.00 949.12 959.83 968.96 976.09 980.70 981.23 977.77 970.45 963.49 962.42 961.83 961.89 960.96 959.42 960.07 960.78 957.85 949.53 944.88 943.29 946.36 951.76 957.76 962.43 966.14 967.14 965.01
945.89 947.89 950.87 956.87 963.83 967.85 964.92 947.01 929.08 919.11 914.10 910.09 907.06 905.07 904.05 899.03 895.01 894.02 894.03 894.03 897.03 898.02 897.02 895.02 893.99 897.98 902.97 906.99 913.00 917.98 919.95 920.92 924.93 924.97 923.98 923.99 924.01 926.01 929.02 929.99 930.97 934.96 940.98 947.97 958.96 966.92 971.89 972.86 969.84 963.84 959.87 955.92 955.93 956.95 956.95 954.94 955.96 957.95 956.93 952.94 947.99 944.01 943.01 945.00 949.99 955.97 958.93 961.90 963.91 963.96
936.02 937.19 939.94 944.56 949.60 954.24 953.68 947.49 936.92 929.36 923.30 918.34 911.71 909.37 906.76 901.63 896.57 894.06 894.11 895.74 897.17 897.04 896.55 895.62 894.57 897.58 901.00 906.68 911.79 914.16 914.54 913.84 917.97 923.24 923.17 922.66 923.66 927.19 930.95 930.83 929.32 931.24 937.41 945.49 953.54 956.83 958.18 957.99 956.52 953.09 950.66 949.29 950.92 952.92 952.92 950.86 950.39 950.89 950.29 949.88 948.13 945.76 944.19 945.17 949.17 951.86 951.78 951.21 953.64 958.29
934.00 931.00 929.00 930.01 932.01 935.02 938.02 939.01 938.00 934.00 928.00 921.00 913.00 907.00 905.00 902.00 897.00 893.00 892.00 893.00 894.00 895.00 895.00 894.00 894.00 896.00 899.00 903.01 905.01 907.01 908.01 909.01 911.01 917.01 919.00 918.00 920.00 925.00 925.01 926.01 931.00 932.00 935.00 943.00 947.01 949.01 949.00 951.00 951.00 949.00 947.00 946.00 947.00 950.00 950.00 949.00 946.00 945.00 947.00 949.00 946.00 943.00 942.00 942.00 945.00 950.00 948.00 945.00 949.00 956.00
939.08 933.46 929.91 926.17 923.52 921.41 921.52 924.35 927.66 929.38 926.42 918.72 910.66 903.47 899.35 899.08 896.00 893.00 891.36 891.88 892.45 892.96 891.90 892.02 891.02 891.47 892.13 893.03 895.58 898.55 899.43 901.49 902.91 906.82 912.98 915.81 919.94 925.64 920.01 919.83 929.51 930.57 934.70 938.96 942.96 945.38 947.51 948.02 946.47 945.05 943.60 944.21 945.21 947.08 948.08 947.45 945.42 945.55 947.70 947.63 943.51 940.02 937.90 938.90 940.90 946.17 946.78 945.76 949.97 954.21
941.97 935.97 931.97 927.96 923.98 919.01 915.03 914.08 916.11 919.13 918.12 913.09 906.07 901.04 897.01 895.02 895.01 893.00 892.99 892.99 892.00 892.01 891.01 890.02 888.02 888.04 884.07 884.08 886.09 890.11 893.10 895.08 897.06 901.05 908.05 917.00 920.99 924.00 923.93 925.93 928.03 928.05 931.06 936.05 940.04 944.03 946.03 945.04 943.04 941.05 939.06 939.07 940.07 943.06 945.03 947.01 946.00 945.03 945.06 944.08 941.06 937.04 936.02 938.03 939.04 940.08 941.08 942.07 943.08 949.09
945.29 939.52 935.64 931.84 925.65 919.46 914.88 911.75 911.21 911.21 909.81 905.87 900.87 897.40 897.06 897.05 895.87 893.81 893.29 893.87 892.46 890.47 889.06 888.12 887.19 885.46 881.35 880.74 882.34 883.80 885.27 889.93 893.94 898.87 905.00 914.72 920.37 923.97 925.63 924.92 924.13 923.41 926.41 931.47 936.53 941.12 943.06 942.40 940.81 937.68 935.80 934.87 935.99 938.59 942.78 945.30 944.90 941.71 939.00 937.40 934.88 933.59 934.12 933.41 934.35 934.57 936.04 937.50 939.57 943.09
950.90 940.98 935.08 929.10 924.06 919.98 916.94 913.91 911.93 909.96 907.00 903.02 899.02 896.02 896.02 897.02 898.00 896.94 896.92 895.98 893.00 890.02 887.05 885.08 884.08 884.06 881.96 881.98 881.98 882.02 883.04 887.08 893.02 899.02 903.02 910.10 914.14 917.14 918.12 919.06 920.02 921.96 924.96 928.98 934.02 937.06 940.04 942.00 941.98 939.96 936.00 934.00 933.06 934.11 937.15 939.21 938.17 936.12 935.06 934.04 933.00 930.02 931.01 931.95 933.87 937.77 939.74 941.76 943.79 944.87
951.85 941.68 933.25 927.64 923.65 921.73 919.61 918.74 916.69 913.68 909.67 904.60 899.77 896.39 896.44 896.67 896.72 897.41 897.35 895.61 893.50 888.93 884.75 883.31 881.37 880.98 883.12 882.50 883.07 881.94 881.88 884.42 891.16 897.22 902.67 907.42 911.86 914.81 917.32 919.83 921.84 924.96 927.96 931.96 934.33 936.94 940.06 941.67 940.84 938.84 935.29 933.23 931.60 930.08 930.75 931.05 932.63 933.21 933.66 933.61 933.88 933.05 935.06 937.52 943.16 949.30 954.37 955.69 954.61 952.98
947.18 940.03 934.92 930.84 927.78 926.75 925.75 924.78 923.77 919.80 914.83 909.83 902.89 897.97 897.03 894.09 892.15 892.20 893.19 894.11 893.08 889.00 886.88 883.98 881.97 880.00 882.03 882.03 883.00 882.92 882.89 883.95 888.04 893.09 900.06 907.02 912.00 915.99 918.97 922.00 924.96 927.00 929.97 934.00 936.94 937.97 939.06 939.11 936.17 934.22 931.19 930.11 929.11 926.14 924.17 925.22 927.25 928.20 930.17 932.08 935.00 939.85 942.74 946.69 952.69 958.69 963.73 966.74 965.66 964.62
944.70 940.62 938.55 937.00 935.96 934.54 932.81 930.43 927.52 923.94 918.57 913.57 905.50 897.95 895.51 892.51 890.09 888.01 887.52 889.64 890.55 889.05 889.66 885.96 882.47 880.00 881.95 882.42 883.73 886.34 886.94 887.34 889.49 893.05 899.32 905.25 911.32 914.62 918.27 920.57 923.15 925.15 928.85 932.25 936.01 937.06 936.58 935.19 931.44 927.14 925.15 926.24 926.50 923.75 921.59 920.46 921.44 924.63 927.05 930.59 935.31 941.38 947.64 953.55 959.50 965.60 970.24 971.52 972.60 971.86
947.74 945.67 945.63 946.54 945.59 943.62 938.73 933.89 929.91 926.95 919.93 914.96 906.96 898.99 895.06 892.03 889.03 886.04 885.04 886.11 888.12 888.08 888.22 886.18 882.11 880.00 882.99 883.00 886.95 888.96 889.91 889.99 890.07 892.17 895.26 901.26 907.19 912.12 915.09 919.07 921.04 923.07 925.15 928.29 929.44 929.49 928.48 924.51 923.42 922.25 921.11 923.03 924.95 925.69 926.52 925.49 925.60 927.67 930.71 933.79 937.78 943.88 948.93 955.93 962.92 967.07 970.15 972.15 974.04 976.87
953.03 952.54 952.54 953.64 952.25 948.49 942.47 934.93 929.41 925.29 920.43 913.91 906.26 897.83 892.76 890.43 887.48 885.95 885.35 885.33 886.53 886.19 882.92 880.87 879.36 880.40 881.93 882.21 885.74 888.36 889.31 888.58 887.07 886.92 890.77 896.37 904.46 911.33 915.35 918.33 920.65 921.24 921.87 920.47 918.93 918.98 917.88 917.21 916.46 917.27 919.83 923.64 929.99 935.27 937.40 937.96 936.17 936.25 937.84 939.37 943.03 945.76 950.42 956.23 961.81 964.12 966.05 968.00 972.19 976.26
954.91 954.05 954.16 953.36 951.39 944.50 937.52 929.48 924.38 921.32 916.28 910.14 904.01 899.84 894.77 891.80 887.82 886.90 886.91 885.97 886.03 884.09 881.95 880.86 880.84 880.97 882.00 880.99 881.31 884.32 886.22 887.09 885.99 885.95 890.06 895.05 904.00 912.04 916.98 919.08 919.13 918.22 916.34 913.33 911.32 910.34 911.19 912.12 914.91 917.78 921.73 927.76 936.75 941.75 942.88 941.96 941.95 941.88 941.94 942.93 944.91 948.85 951.87 955.86 959.95 961.97 963.97 966.95 970.01 974.01
956.17 952.32 947.61 943.82 939.95 934.07 928.42 922.15 919.01 916.39 912.78 909.30 905.45 901.40 898.59 894.89 892.01 888.40 888.45 887.07 884.88 883.25 883.77 883.80 883.14 882.82 882.10 880.72 878.53 879.06 881.76 885.28 886.42 887.40 890.37 895.37 903.77 910.00 914.72 915.70 915.23 913.85 911.76 909.46 907.41 907.86 910.30 913.77 918.54 924.39 928.01 931.26 938.49 943.17 942.35 941.72 940.23 940.23 939.76 941.55 945.70 950.02 954.80 959.12 962.38 965.03 967.40 969.33 972.33 976.00
954.10 948.21 941.14 934.23 930.15 926.17 923.07 919.98 917.06 915.16 913.09 910.05 906.01 902.93 898.96 895.97 892.04 889.89 888.96 887.00 885.93 884.89 885.89 886.87 885.90 884.01 880.15 878.18 877.11 876.13 878.17 882.18 886.08 888.93 891.01 896.05 900.30 904.45 906.68 906.71 907.51 908.41 908.22 908.11 906.95 907.96 911.01 915.98 922.96 930.90 933.90 933.06 938.21 941.28 942.25 939.23 938.06 937.97 938.82 940.91 944.91 950.88 957.82 963.71 968.60 971.43 974.48 976.48 979.57 981.68
956.87 950.05 944.52 938.60 933.94 929.28 924.99 920.26 916.69 912.24 910.29 908.27 905.96 903.22 900.60 897.64 893.29 891.07 890.07 887.35 886.40 885.77 886.42 886.69 886.72 884.31 880.26 876.88 875.14 875.60 876.88 881.14 886.26 888.91 891.26 894.88 897.50 898.65 898.51 899.63 901.70 904.03 905.76 907.49 908.64 909.29 910.91 914.53 920.20 927.58 930.94 931.31 933.42 936.07 936.30 936.76 938.52 940.98 942.28 944.28 948.02 952.64 959.38 966.80 973.27 978.16 979.82 981.47 982.02 982.55
967.08 962.91 956.96 951.01 944.08 937.21 929.51 922.73 915.03 909.21 906.30 906.12 906.91 906.64 905.61 901.80 896.79 891.00 890.05 888.06 886.19 884.18 884.12 885.13 885.99 885.87 882.68 877.72 875.66 875.81 877.76 884.60 888.73 890.77 893.78 895.86 896.89 896.93 896.93 897.02 898.97 903.80 907.63 911.55 912.50 912.50 912.63 914.76 917.98 922.23 926.34 928.21 930.06 932.00 933.82 938.68 943.51 947.38 950.30 952.25 953.47 956.70 960.92 968.98 975.07 977.34 976.51 977.60 976.63 977.49
977.97 973.65 968.43 961.77 954.44 945.75 936.76 926.58 916.89 908.42 905.21 904.93 907.41 909.23 906.95 900.11 895.35 891.37 888.68 885.98 882.91 881.24 882.31 883.97 886.33 887.73 886.80 883.48 880.70 879.30 882.08 888.51 891.48 892.73 895.40 897.69 899.72 898.93 898.89 899.22 902.25 907.25 913.40 917.73 920.13 920.17 919.10 919.37 921.01 922.20 924.14 926.88 930.25 933.98 938.49 943.21 947.88 952.62 956.28 959.44 959.32 958.12 961.12 967.44 973.15 973.33 971.96 970.81 970.80 973.16
994.08 989.02 982.11 974.44 966.54 955.78 945.10 934.26 922.34 913.39 906.74 904.95 906.33 907.48 901.78 894.50 892.14 891.22 886.25 883.02 879.97 879.09 880.09 883.10 887.01 889.02 889.81 888.67 887.58 885.51 886.72 889.91 892.06 894.13 896.06 899.97 902.86 903.66 904.45 905.41 909.30 914.30 920.41 925.42 928.43 927.53 926.53 925.51 925.66 925.64 925.85 927.79 932.75 937.82 941.93 945.08 949.23 953.22 958.30 959.51 960.35 957.16 958.37 962.56 966.87 967.93 966.77 965.60 967.23 971.09
1013.91 1010.33 1003.29 993.49 982.76 967.89 953.86 941.79 929.44 919.10 910.76 905.77 903.01 900.14 895.28 892.39 893.07 888.55 884.31 884.19 881.53 878.96 879.96 882.69 886.43 888.77 889.81 889.88 888.92 887.65 887.04 889.73 890.66 891.58 894.35 898.08 901.70 904.81 908.53 911.14 915.45 920.14 923.72 927.84 930.73 929.77 928.69 927.65 926.84 927.11 927.42 930.19 933.84 937.50 940.97 942.59 943.36 947.06 951.25 952.79 954.78 955.58 956.58 957.90 957.06 956.72 957.14 959.59 965.66 971.35
1024.57 1020.76 1014.70 1004.83 991.93 976.73 959.64 947.70 935.56 923.67 913.78 904.99 899.21 896.00 895.81 895.84 893.00 887.93 882.92 881.30 879.98 879.88 880.94 882.10 884.21 886.40 886.58 886.64 884.70 883.51 886.24 888.23 889.23 890.23 892.27 894.26 899.35 903.11 909.01 914.68 919.63 923.91 926.25 927.28 924.87 922.93 923.75 923.57 924.40 926.29 927.31 929.29 931.46 933.63 933.85 934.84 935.78 938.71 944.60 949.32 953.02 955.87 956.87 955.09 951.36 949.59 949.66 954.43 964.28 971.19
1022.75 1017.14 1009.82 999.82 987.03 973.93 960.65 947.82 935.82 923.82 913.50 904.93 900.10 897.57 897.11 894.32 892.36 889.29 884.57 882.25 879.86 879.64 879.29 879.21 881.32 882.07 880.39 879.35 878.42 878.99 883.39 885.42 885.82 886.82 888.10 892.21 896.67 903.07 909.00 917.22 923.40 920.53 917.88 920.03 917.60 916.64 916.56 917.71 919.78 921.78 923.03 924.71 925.64 926.56 926.85 927.85 929.92 933.96 939.96 946.32 951.71 955.50 956.57 954.29 949.18 945.28 946.35 951.32 960.28 969.46
1013.02 1005.32 996.57 986.63 976.36 966.14 955.90 944.77 932.65 920.52 910.25 906.60 903.73 900.69 896.14 893.77 892.57 891.61 887.50 885.41 883.32 880.59 879.57 879.63 879.17 876.57 874.47 872.61 871.61 875.42 879.57 880.65 880.54 881.67 881.84 886.70 893.65 901.40 909.18 915.52 919.12 914.53 913.18 913.45 912.42 912.22 912.28 911.62 913.74 915.68 918.56 920.41 921.28 922.28 923.30 924.30 926.23 931.10 937.16 944.23 949.45 952.62 951.96 948.94 944.68 942.37 943.25 948.99 957.13 965.57
1009.62 997.94 986.30 974.96 965.19 957.01 947.24 936.74 927.41 917.49 910.20 909.18 907.29 902.34 896.23 895.07 895.21 894.21 892.62 889.52 886.15 883.38 882.44 880.87 877.50 874.33 870.73 869.26 868.92 871.25 875.28 877.06 876.28 875.11 877.48 882.58 888.01 897.67 904.86 909.55 909.59 909.82 910.13 910.29 911.16 911.94 910.93 908.62 908.24 911.05 914.02 916.28 919.46 920.46 921.76 922.73 925.80 930.80 935.99 941.69 945.12 944.44 941.57 938.84 937.71 939.39 943.23 951.64 958.92 961.12
1008.27 993.61 979.67 967.53 959.32 951.86 943.66 935.60 927.63 919.38 912.70 908.22 905.38 903.08 897.86 895.06 893.38 892.38 891.39 889.17 885.94 884.80 882.30 878.56 873.83 867.28 862.18 862.15 867.51 869.90 873.12 875.01 874.19 873.90 877.83 880.43 883.61 890.80 898.95 902.02 902.91 904.60 906.33 909.81 912.86 913.69 911.00 907.20 905.34 907.39 911.24 914.25 916.41 917.34 918.52 920.36 923.43 928.49 934.57 938.78 939.97 936.18 931.07 929.02 931.75 936.34 945.05 954.14 957.46 955.97
1005.28 989.42 976.95 967.73 961.50 956.68 949.48 940.74 932.34 922.57 913.03 906.71 903.47 901.50 897.82 893.99 891.99 890.99 889.93 889.24 887.04 886.07 879.64 873.47 865.48 858.75 856.03 856.62 863.27 870.83 873.27 873.69 872.96 875.40 877.82 877.61 879.72 885.68 891.11 894.97 898.08 900.57 904.96 909.82 912.57 913.63 910.36 905.50 903.47 904.64 908.40 911.67 913.64 915.71 916.96 918.66 920.58 924.57 928.83 931.54 931.47 928.51 925.04 924.33 927.60 934.50 941.14 948.37 950.33 947.44
1006.03 991.81 981.53 977.00 973.95 968.12 961.13 950.74 938.44 925.55 912.11 905.22 901.27 898.45 895.47 892.42 890.49 889.42 890.07 890.09 887.82 886.00 878.22 873.05 866.02 859.08 860.31 859.20 862.58 870.05 873.26 872.98 872.18 873.55 875.40 876.91 881.58 886.82 889.20 891.29 895.12 899.16 904.24 907.47 909.58 908.93 905.67 902.38 901.00 903.16 906.20 909.47 912.36 914.29 916.18 918.80 920.74 923.16 923.45 924.74 924.81 922.56 921.36 922.20 925.33 931.45 936.67 940.92 942.17 941.63
1014.99 1002.45 994.57 991.50 987.28 980.67 970.07 958.02 941.95 928.73 913.46 903.90 898.61 895.61 892.61 890.95 887.64 887.46 888.49 888.49 888.05 886.05 877.32 872.05 869.89 865.72 864.85 864.68 866.61 868.65 871.51 872.83 872.25 873.25 874.12 878.29 883.10 886.80 887.49 890.61 894.86 899.08 902.54 904.25 904.15 902.93 901.47 900.76 903.39 903.44 904.76 906.44 908.39 911.71 915.61 918.80 922.10 922.97 922.95 921.78 920.73 919.80 919.85 920.88 924.78 928.47 931.98 933.64 933.79 936.78
